402395  482083	489488	514386	523276	548383	556194	528655	551315	551820	535119	500600	539126
445492	486323	500504	544397	557686	528313	547074	550336	546585	532018	498325	505155	548587
490804	491769	519382	562790	559862	534594	543397	560416	545297	549674	491611	518037	532683
544101	536699	530435	542126	558199	540417	549133	534963	519973	562707	539412	527359	538604
572886	552179	555844	522486	563893	551852	553246	489650	525351	545498	539262	534079	553870
564360	562403	568404	542908	560445	545674	530573	475321	515334	533219	533878	545619	555011
577604	557160	551835	578085	559380	508299	492754	495526	520050	523140	530358	534770	523122
564256	576467	559347	550936	532982	482698	499265	529141	526246	519579	548730	533565	513724
564857	562957	550181	506827	488725	510341	522063	512754	527448	522460	534188	535490	547004
515820	543857	527814	504238	472356	524220	541173	519010	561699	560075	544699	543294	555337
524651	506082	508237	524208	507240	532285	552799	550634	540179	550697	564617	558567	537146
507066	470576	512554	537159	522823	533380	551913	551168	533384	532256	536133	537664	494902
483684	484851	519550	507326	519800	544642	537165	516719	540718	517439	517430	527931	514974
500398	534764	540933	537472	552300	536966	531237	519197	538348	530671	516786	518134	521359
543905	536561	546661	552308	548857	533928	529062	507420	507455	520520	512002	504223	496195
532036	531168	538629	534387	510579	532718	521964	505547	526921	514917	520034	503817	512426
499455	540598	537597	522313	530927	525087	531735	501144	529055	516785	513298	498343	539475
488950	524219	533126	530659	545501	527015	527020	501998	523614	510811	515492	498639	521256
522377	523173	520772	516764	532947	512450	523947	529797	505449	528614	510929	538411	524594
557128	515208	532068	498735	512133	521697	511254	502574	502088	539982	523541	532944	525787
531492	518316	519775	507654	506028	517987	509765	495209	529457	538781	533496	533669	535723
519223	524392	520273	510870	514901	529505	534405	527163	542290	540637	542688	553772	497842
482260	517488	520873	522294	514909	542751	554249	539074	543708	556572	531204	559607	496861
469041	514783	510971	515602	520784	525760	539123	537718	546298	551927	527595	535310	523373
480883	504801	517566	502321	530364	529015	525601	547713	543229	548846	525642	531854	536801
526290	502094	517377	526377	517886	527688	552182	547262	543562	552917	538563	535514	542279
523053	502609	534582	518449	523879	551169	551208	533747	541803	557468	536065	523229	497279
530904	528640	527971	531909	532195	534698	546333	539714	527903	530865	521100	504463	507347
523411	530352	523600	539739	538742	539124	539354	525138	546002	516341	503121	487290	510518
516517	542918	550792	551071	554325	541196	531140	528388	524458	514591	498533	511002	542491
558824	544666	544468	533966	555555	539280	533282	519046	508080	505718	523295	552649	557678
563838	535255	547423	528583	531755	548439	533083	499303	501186	528863	537664	548908	559379
560079	535422	536237	529471	521021	524576	519985	484277	527406	551195	547727	554911	584796
529355	525315	541468	542413	514239	507895	518513	510492	555048	546032	550445	546288	528818
548925	550267	535883	528522	515415	508634	547573	542321	534735	548582	557660	562895	530900
531456	528726	482928	502359	512714	518093	538349	551441	562854	529630	541350	569275	574842
466598	501767	498560	533552	516936	522985	566026	577034	567619	566809	574078	575457	565393
518295	503256	504664	542957	564169	547039	565723	579437	568599	579125	569827	579254	513246
507356	491371	525982	561876	563490	563767	580080	582447	585945	586936	565437	577330	475730
504069	510725	545220	555546	561260	541488	573363	544239	551814	543340	532560	550907	505023