# BRS Dataset
# 2009: 52 week (after removing week 1 for incomplete week)
# 2010: 52 week
# 2011: 52 week
362714
490251
502032
480854
524480
521048
535177
543572
535439
536378
542427
543439
536203
461760
468118
510858
532923
536348
533403
524987
521529
527093
494052
510965
532230
514503
491156
492823
502442
534928
527961
533658
539827
528556
524449
529527
519465
529341
525254
489184
539242
507353
551114
537678
554354
558004
578553
576791
581617
588244
415609
310180
406800
474646
500518
476481
517425
545350
556710
559188
547978
551767
555576
551527
472024
477843
533155
536940
504034
548081
540029
527148
521112
515881
531330
497365
522782
515385
494443
510127
520709
531924
535130
533981
535662
544240
532475
536413
526245
543466
511334
469142
545881
557941
558172
544909
569478
572180
572663
576907
585539
594228
447093
316502
392658
475531
510039
541267
559469
556986
559689
570095
552914
557510
547503
547305
550150
532305
541755
463016
426067
551299
533329
550415
532958
534288
534145
495789
531053
497559
509213
503512
515411
548777
532638
531517
532923
536698
538601
528939
515587
539092
507275
490054
541200
548358
550608
533635
553678
579681
569917
585047
581975
574738
507221
315053