273030  301052	298157	302122	305341	312375	311207	303957	307257	308472	304100	300444	311261
290711	294241	296638	306918	311230	302748	307961	306889	308368	305541	300459	303347	308635
302602	291612	301575	312523	311161	306261	312618	312176	308524	309963	294323	308059	304631
314912	304104	306521	305377	307784	309518	312147	309797	304487	313584	304299	307712	302937
324744	311086	309942	304242	312921	310545	315175	298687	307886	309598	309683	307292	310910
313220	310527	311238	308942	312971	312196	310542	292045	304521	310910	303992	307798	307327
318734	313303	309866	319437	317469	303474	301666	301170	307455	304075	305401	306549	306433
319955	312425	310136	308452	312652	296110	300623	306772	304733	307068	308589	305108	290421
318644	316238	313690	305402	301164	298744	308222	304735	305142	308350	308422	304423	306970
313868	314898	309350	295445	293736	308571	304939	303274	310564	310964	307719	303741	305141
315473	310096	310785	310014	301163	305897	310159	313240	305209	313109	312409	302796	303833
310842	293348	302573	307738	303445	309183	308140	312998	306473	303885	301298	305212	292605
297897	298970	307229	306771	304874	308504	311210	306088	305384	301868	298286	301465	304065
314503	306492	307508	303627	311559	307919	307317	302291	299402	300719	299776	303184	295687
322298	305424	313047	312020	311205	307894	306256	299499	299700	301670	296313	299487	297993
320020	309999	309703	304864	304485	301912	302633	298977	298153	301819	302492	303720	300398
310530	310599	308012	301902	303767	304826	302369	296487	302718	296152	305250	299238	305564
309741	307418	305639	299707	305698	298672	300500	296426	301941	299259	302704	295325	290508
308364	302882	305374	301328	305100	299209	304763	298619	301188	307894	297145	302196	300618
317990	299257	301086	296683	302225	301985	301334	305345	302423	307554	304210	307796	300736
317720	304986	299011	293787	299388	298180	306540	300973	302888	308325	310819	309945	306634
301582	302356	298545	299648	300164	301376	313129	299992	307973	311197	310486	310847	293819
291845	304809	296983	302151	307312	308360	312229	307462	308807	312361	301826	311975	304230
295824	300628	297154	310798	310326	298965	305841	310373	305526	307693	301897	308769	304970
304351	295905	302685	298883	306537	301999	303391	308309	306901	307572	298035	308691	310981
314661	300801	303841	297147	300883	304882	309130	311135	304579	307936	306067	307745	308030
313248	301992	304894	299212	304744	309100	307056	312828	304974	313327	308822	313210	299476
316492	303049	304554	307201	305606	308184	304432	309379	300913	307864	308665	309435	295813
310269	305237	306576	304627	312764	307705	302672	305257	308145	304376	298606	300938	298329
295443	308614	313476	306846	310542	308898	305188	307862	307718	303541	300245	299663	289203
316004	310038	309644	307880	314489	306227	310365	311598	305036	304059	299183	304108	304395
314722	302066	304391	310464	305923	307647	314348	304647	300839	309140	299331	306558	310916
310094	308363	308000	304536	305094	311271	309389	307522	306254	306764	309637	311701	313827
315661	310483	309615	308648	308940	305822	306787	302857	311152	306803	313702	308238	297988
315143	311542	312968	309211	311193	305853	307400	303056	309121	308326	307753	311365	300894
314635	310488	305711	303913	304933	300978	307704	303968	310083	301886	307159	304229	309255
310141	306787	304803	302652	303967	300083	307939	315126	309022	304500	314278	309733	304699
308879	305597	304536	304605	304854	303655	313117	312355	308769	307326	309819	315251	298600
307365	309085	304029	301716	309069	312490	314630	312545	312761	306278	314451	311621	301007
305853	306382	306112	305737	309571	307097	310836	303822	305692	306758	305047	303073	302253