# TRS Dataset
# 2009: 52 week (after removing week 1 for incomplete week)
# 2010: 52 week
# 2011: 52 week
250911
274555
290283
279217
297859
286771
298793
300467
299019
303959
299258
304199
291413
274751
283679
291802
298725
298240
300817
288238
296357
287076
279849
294080
298089
290997
288916
287686
289424
296788
300510
303035
300358
303891
304800
297217
308744
302029
288435
285788
300962
312419
306429
303729
312327
309749
310114
312935
314305
290454
270270
224102
272863
290079
297519
286265
301683
306696
312237
309262
309556
308593
313539
310933
281871
293775
309982
298678
304248
309043
309670
302672
298561
299867
291521
292767
300755
294827
298282
297313
305098
302924
309133
307589
306377
302204
306185
303116
312401
312286
297694
299917
308833
301048
310380
308983
314429
309555
311843
308456
316448
307610
292945
232229
268306
288311
305556
285850
296660
298572
308536
303765
307515
310995
304139
302029
308085
312543
303778
271261
257180
311807
303676
306694
299818
293577
290448
283336
301384
297498
288198
294929
286224
301322
309156
305852
306656
306563
306703
304603
310673
296897
298696
292072
324577
310831
308877
314065
318691
311393
307894
312790
311982
314238
291819
230078